14,79
14,78
14,77
14,76
14,75
14,74
14,73
14,72
14,71
14,70
14,69
14,68
14,67
14,66
14,65
14,64
14,40
14,39
14,38
14,37
14,36
14,35
14,34
14,33
14,32
14,31
14,30
14,29
14,28
14,27
14,26
14,25
14,24
14,23
14,22
14,21
14,20
14,19
14,18
14,17
14,16
14,15
14,14
14,13
14,12
14,11
14,10
14,9
14,8
14,7
14,6
14,5
14,4
14,3
14,2
14,1
14,0
13,14
13,13
13,12
13,11
13,10
13,9
13,8
13,7
13,6
13,5
13,4
13,3
13,2
13,1
13,0
12,7
12,6
12,5
12,4
12,3
12,2
12,1
12,0
11,255
11,254
11,253
11,252
11,251
11,250
11,249
11,248
11,247
11,246
11,245
11,244
11,243
11,242
11,241
11,240
11,239
11,238
11,237
11,236
11,235
11,234
11,233
11,232
11,231
11,230
11,229
11,228
11,227
11,226
11,225
11,224
11,223
11,222
11,221
11,220
11,219
11,218
11,217
11,216
11,215
11,214
11,213
11,212
11,211
11,210
11,209
11,208
11,207
11,206
11,205
11,204
11,203
11,202
11,201
11,200
11,199
11,198
11,197
11,196
11,195
11,194
11,193
11,192
11,178
11,177
11,174
11,173
11,172
11,171
11,170
11,169
11,168
11,167
11,166
11,165
11,164
11,163
11,162
11,161
11,160
11,159
11,158
11,157
11,156
11,155
11,154
11,153
11,152
11,151
11,150
11,149
11,148
11,147
11,146
11,145
11,144
11,143
11,142
11,141
11,140
11,139
11,138
11,137
11,136
11,135
11,134
11,133
11,132
11,131
11,130
11,129
11,128
11,22
11,21
11,11
11,8
11,7
11,6
11,5
11,4
11,3
11,2
11,1
11,0
10,4
10,3
10,2
10,1
10,0
9,8
9,7
9,6
9,5
9,4
9,3
9,2
9,1
9,0
8,5
8,4
8,3
8,2
8,1
8,0
7,3
5,5
5,4
5,3
5,2
5,0
4,3
3,2
2,2
1,2
0,9
14,80
14,81
14,83
14,84
14,86
14,87
14,89
14,91
14,92
14,94
14,95
14,97
14,99
14,100
14,102
14,103
14,105
14,106
14,108
14,110
14,111
14,113
14,114
14,116
14,118
14,119
14,121
14,122
14,124
14,125
14,127
14,129
14,130
14,132
14,133
14,135
14,137
14,138
14,140
14,141
14,143
14,144
14,146
14,148
14,149
15,1
15,2
15,4
16,0
16,1
16,3
16,4
17,0
17,2
17,3
18,0
18,1
18,3
18,4
19,0
19,2
19,3
19,5
20,0
20,2
20,4
20,5
20,6
20,3
20,1
19,4
19,1
18,5
18,2
17,4
17,1
16,5
16,2
15,5
15,3
15,0
14,147
14,145
14,142
14,139
14,136
14,134
14,131
14,128
14,126
14,123
14,120
14,117
14,115
14,112
14,109
14,107
14,104
14,101
14,98
14,96
14,93
14,90
14,88
14,85
14,82
1,45
3,44
2,44
1,44
3,43
2,43
1,43
3,42
2,42
1,42
3,41
2,41
1,41
3,40
2,40
1,40
3,39
2,39
1,39
3,38
2,38
1,38
3,37
2,37
1,37
3,36
2,36
1,36
3,35
2,35
1,35
3,34
2,34
1,34
3,33
2,33
1,33
3,32
2,32
1,32
3,31
2,31
1,31
3,30
2,30
1,30
3,29
2,29
1,29
3,28
2,28
1,28
3,27
2,27
1,27
3,26
2,26
1,26
3,25
2,25
1,25
3,24
2,24
1,24
3,23
2,23
1,23
3,22
2,22
1,22
3,21
2,21
1,21
3,20
2,20
1,20
3,19
2,19
1,19
3,18
2,18
1,18
3,17
2,17
1,17
3,16
2,16
1,16
3,15
2,15
1,15
3,14
2,14
1,14
3,13
2,13
1,13
3,12
2,12
1,12
3,11
2,11
1,11
3,10
2,10
1,10
3,9
2,9
1,9
3,8
2,8
1,8
3,7
2,7
1,7
3,6
2,6
1,6
3,5
2,5
1,5
3,4
2,4
1,4
3,3
3,0
2,3
2,0
1,3
1,0
0,6
0,0
0,47
0,46
0,49
0,48
0,45
0,12
0,10
0,8
0,11
0,5
0,7
0,4
0,3
